position: 
  x: 0.0009355747078431478
  y: 0.04106731523417444
  z: 0.5499973132164974
orientation: 
  x: 7.664756280431324e-06
  y: 9.192367075326204e-07
  z: 0.003424966786014486
  w: 0.99999413475426
---
